0.000000e+00 -8.826047993918582e-01 -3.854438997370059e-01 +2.691500849823134e-01 +4.630301815282585e-01 -8.117587885670957e-01 +3.558802048133461e-01 +8.131309294551299e-02 +4.387261894845236e-01 +8.949343616020251e-01
6.000000e+01 -9.387373003899666e-01 -2.152452382994128e-01 +2.691500849823134e-01 +3.046142856165682e-01 -8.834927372764977e-01 +3.558802048133461e-01 +1.611906258281335e-01 +4.160649835892350e-01 +8.949343616020251e-01
1.200000e+02 -9.623642631634710e-01 -3.759330711500225e-02 +2.691500849823134e-01 +1.356505492166428e-01 -9.246340942876992e-01 +3.558802048133461e-01 +2.354866312193806e-01 +3.789967479292179e-01 +8.949343616020251e-01
1.800000e+02 -9.526675598492873e-01 +1.413603627783190e-01 +2.691500849823134e-01 -3.801034165974609e-02 -9.337582630150696e-01 +3.558802048133461e-01 +3.016284707014804e-01 +3.288050396302677e-01 +8.949343616020251e-01
2.400000e+02 -9.099829569713418e-01 +3.154191652003831e-01 +2.691500849823134e-01 -2.103550532245875e-01 -9.105493020176840e-01 +3.558802048133461e-01 +3.573258591322128e-01 +2.672278406517587e-01 +8.949343616020251e-01
3.000000e+02 -8.357884888954518e-01 +4.785559879302218e-01 +2.691500849823134e-01 -3.754158268650599e-01 -8.558108650637909e-01 +3.558802048133461e-01 +4.006501700599670e-01 +1.963973769043142e-01 +8.949343616020251e-01
3.600000e+02 -7.326532781195656e-01 +6.251219127615572e-01 +2.691500849823134e-01 -5.274771239691103e-01 -7.714383731130352e-01 +3.558802048133461e-01 +4.301012180288847e-01 +1.187662859318483e-01 +8.949343616020251e-01
4.200000e+02 -6.041485745927215e-01 +7.500418198817956e-01 +2.691500849823134e-01 -6.612735371608462e-01 -6.603533818137024e-01 +3.558802048133461e-01 +4.446592053116244e-01 +3.702268974035221e-02 +8.949343616020251e-01
4.800000e+02 -4.547240944930221e-01 +8.489901234063413e-01 +2.691500849823134e-01 -7.721721148983274e-01 -5.264024171633855e-01 +3.558802048133461e-01 +4.438200343167772e-01 -4.600288646411736e-02 +8.949343616020251e-01
5.400000e+02 -2.895539404661751e-01 +9.185405528960189e-01 +2.691500849823134e-01 -8.563327861028796e-01 -3.742237823379089e-01 +3.558802048133461e-01 +4.276127629126504e-01 -1.274355265151174e-01 +8.949343616020251e-01
6.000000e+02 -1.143574386250905e-01 +9.562847943918809e-01 +2.691500849823134e-01 -9.108413298165083e-01 -2.090869477516603e-01 +3.558802048133461e-01 +3.965985982441231e-01 -2.044554726456896e-01 +8.949343616020251e-01
6.600000e+02 +6.479890383482512e-02 +9.609158827992272e-01 +2.691500849823134e-01 -9.338102855638335e-01 -3.671008576947848e-02 +3.558802048133461e-01 +3.518514638835495e-01 -2.743957648852820e-01 +8.949343616020251e-01
7.200000e+02 +2.417114628159755e-01 +9.322734580032699e-01 +2.691500849823134e-01 -9.244443102081610e-01 +1.369379317273634e-01 +3.558802048133461e-01 +2.949208132145281e-01 -3.348345895466255e-01 +8.949343616020251e-01
7.800000e+02 +4.102543094285798e-01 +8.713493176386222e-01 +2.691500849823134e-01 -8.830677181980677e-01 +3.058442167157466e-01 +3.558802048133461e-01 +2.277779767048100e-01 -3.836791390631484e-01 +8.949343616020251e-01
8.400000e+02 +5.645913317585017e-01 +7.802530742375673e-01 +2.691500849823134e-01 -8.111132515718528e-01 +4.641600725466882e-01 +3.558802048133461e-01 +1.527479008945706e-01 -4.192380793729002e-01 +8.949343616020251e-01
9.000000e+02 +6.993783211791826e-01 +6.621391059427024e-01 +2.691500849823134e-01 -7.110724685794948e-01 +6.064035160273019e-01 +3.558802048133461e-01 +7.242864276549298e-02 -4.402801155300161e-01 +8.949343616020251e-01
9.600000e+02 +8.099480255904097e-01 +5.210973302524304e-01 +2.691500849823134e-01 -5.864094688090535e-01 +7.276491013621156e-01 +3.558802048133461e-01 -1.039859285099450e-02 -4.460766275996704e-01 +8.949343616020251e-01
1.020000e+03 +8.924717617687404e-01 +3.620115829630513e-01 +2.691500849823134e-01 -4.414409422466936e-01 +8.236984729440514e-01 +3.558802048133461e-01 -9.286575770299879e-02 -4.364269004887573e-01 +8.949343616020251e-01
1.080000e+03 +9.440919906990881e-01 +1.903905062019798e-01 +2.691500849823134e-01 -2.811866957964113e-01 +8.912257412850613e-01 +3.558802048133461e-01 -1.721172716636222e-01 -4.116650740821312e-01 +8.949343616020251e-01
1.140000e+03 +9.630212652181611e-01 +1.217680137086241e-02 +2.691500849823134e-01 -1.111958330588425e-01 +9.278926481723846e-01 +3.558802048133461e-01 -2.454089025442272e-01 -3.726485730229135e-01 +8.949343616020251e-01
1.200000e+03 +9.486041237221772e-01 -1.664585480271105e-01 +2.691500849823134e-01 +6.264539377996042e-02 +9.324295332410726e-01 +3.558802048133461e-01 -3.102027902766738e-01 -3.207284167774064e-01 +8.949343616020251e-01
1.260000e+03 +9.013397867532330e-01 -3.393299582554564e-01 +2.691500849823134e-01 +2.343174064613368e-01 +9.046792983434756e-01 +3.558802048133461e-01 -3.642553250741422e-01 -2.577024380542543e-01 +8.949343616020251e-01
1.320000e+03 +8.228648705524921e-01 -5.004514327730951e-01 +2.691500849823134e-01 +3.978757398319476e-01 +8.456028473670077e-01 +3.558802048133461e-01 -4.056948366245379e-01 -1.857530294777590e-01 +8.949343616020251e-01
1.380000e+03 +7.158967161558086e-01 -6.442438385823670e-01 +2.691500849823134e-01 +5.476568800896631e-01 +7.572458131363071e-01 +3.558802048133461e-01 -4.330864041825672e-01 -1.073715741534497e-01 +8.949343616020251e-01
1.440000e+03 +5.841392963680468e-01 -7.657280941644080e-01 +2.691500849823134e-01 +6.784743745624218e-01 +6.426677235431553e-01 +3.558802048133461e-01 -4.454815433895929e-01 -2.527217685918675e-02 +8.949343616020251e-01
1.500000e+03 +4.321549587634509e-01 -8.606975795075604e-01 +2.691500849823134e-01 +7.857984223514367e-01 +5.058360596596527e-01 +3.558802048133461e-01 -4.424510493220161e-01 +5.770231691901691e-02 +8.949343616020251e-01
1.560000e+03 +2.652064458510216e-01 -9.258637982085067e-01 +2.691500849823134e-01 +8.659127271761877e-01 +3.514888742710183e-01 +3.558802048133461e-01 -4.240998585160883e-01 +1.386787598394565e-01 +8.949343616020251e-01
1.620000e+03 +8.907466275273684e-02 -9.589702478228923e-01 +2.691500849823134e-01 +9.160431810974923e-01 +1.849707279187647e-01 +3.558802048133461e-01 -3.910634153436922e-01 +2.148531908157350e-01 +8.949343616020251e-01
1.680000e+03 -9.014149746974448e-02 -9.588705554911598e-01 +2.691500849823134e-01 +9.344539232035928e-01 +1.204762347621408e-02 +3.558802048133461e-01 -3.444856685601390e-01 +2.835879274240176e-01 +8.949343616020251e-01
1.740000e+03 -2.662363394166990e-01 -9.255681732471194e-01 +2.691500849823134e-01 +9.205074470472387e-01 -1.612926525065096e-01 +3.558802048133461e-01 -2.859794599347498e-01 +3.425029005999871e-01 +8.949343616020251e-01
1.800000e+03 -4.331122491830605e-01 -8.602162584848090e-01 +2.691500849823134e-01 +8.746866755011130e-01 -3.290478681329226e-01 +3.558802048133461e-01 -2.175706765821190e-01 +3.895580689904583e-01 +8.949343616020251e-01
1.860000e+03 -5.849908356668425e-01 -7.650777437227032e-01 +2.691500849823134e-01 +7.985782386483653e-01 -4.854091846878108e-01 +3.558802048133461e-01 -1.416281008242487e-01 +4.231240592082802e-01 +8.949343616020251e-01
1.920000e+03 -7.166130181897804e-01 -6.434469783245134e-01 +2.691500849823134e-01 +6.948175337426299e-01 -6.249622985635372e-01 +3.558802048133461e-01 -6.078138666353856e-02 +4.420385859393195e-01 +8.949343616020251e-01
1.980000e+03 -8.234211320213599e-01 -4.995356554788412e-01 +2.691500849823134e-01 +5.669974696393711e-01 -7.428749216688911e-01 +3.558802048133461e-01 +2.216999691503225e-02 +4.456466982495924e-01 +8.949343616020251e-01
2.040000e+03 -9.017167460612003e-01 -3.383269744297879e-01 +2.691500849823134e-01 +4.195440555936308e-01 -8.350641084599787e-01 +3.558802048133461e-01 +1.043537028037304e-01 +4.338234584887342e-01 +8.949343616020251e-01
2.100000e+03 -9.487887279467823e-01 -1.654030878645868e-01 +2.691500849823134e-01 +2.575631423952107e-01 -8.983376355811412e-01 +3.558802048133461e-01 +1.829239661734656e-01 +4.069782684902777e-01 +8.949343616020251e-01
2.160000e+03 -9.630071220921779e-01 +1.324819058417581e-02 +2.691500849823134e-01 +8.666362271668288e-02 -9.305045385808879e-01 +3.558802048133461e-01 +2.551601444139771e-01 +3.660406932659457e-01 +8.949343616020251e-01
2.220000e+03 -9.438795899547578e-01 +1.914407256067828e-01 +2.691500849823134e-01 -8.723678730649126e-02 -9.304509781619087e-01 +3.558802048133461e-01 +3.185609244827118e-01 +3.124282730751103e-01 +8.949343616020251e-01
2.280000e+03 -8.920684581798756e-01 +3.630042667443360e-01 +2.691500849823134e-01 -2.581164600869835e-01 -8.981788089540832e-01 +3.558802048133461e-01 +3.709309355563973e-01 +2.479974384368346e-01 +8.949343616020251e-01
2.340000e+03 -8.093677842995676e-01 +5.219981048739756e-01 +2.691500849823134e-01 -4.200583667253702e-01 -8.348055152944458e-01 +3.558802048133461e-01 +4.104567678599330e-01 +1.749792277441892e-01 +8.949343616020251e-01
2.400000e+03 -6.986412341284343e-01 +6.629167803951803e-01 +2.691500849823134e-01 -5.674549652243189e-01 -7.425255162378446e-01 +3.558802048133461e-01 +4.357697653781928e-01 +9.590203337891501e-02 +8.949343616020251e-01
2.460000e+03 -5.637229219682840e-01 +7.808807200856949e-01 +2.691500849823134e-01 -6.952023721388085e-01 -6.245341796848146e-01 +3.558802048133461e-01 +4.459934181354176e-01 +1.350405138698473e-02 +8.949343616020251e-01
2.520000e+03 -4.092846472152834e-01 +8.718052014686963e-01 +2.691500849823134e-01 -7.988770941051173e-01 -4.849171767798848e-01 +3.558802048133461e-01 +4.407737129957097e-01 -6.936153369088270e-02 +8.949343616020251e-01
2.580000e+03 -2.406741245508889e-01 +9.325417939833456e-01 +2.691500849823134e-01 -8.748891995881916e-01 -3.285090078916317e-01 +3.558802048133461e-01 +4.202913920312865e-01 -1.498253456808267e-01 +8.949343616020251e-01
2.640000e+03 -6.372980929935268e-02 +9.609873792931318e-01 +2.691500849823134e-01 -9.206066269885981e-01 -1.607255989775336e-01 +3.558802048133461e-01 +3.852556939895169e-01 -2.251011743030929e-01 +8.949343616020251e-01
2.700000e+03 +1.154212700291674e-01 +9.561569756995278e-01 +2.691500849823134e-01 -9.344463247078992e-01 +1.262323500177148e-02 +3.558802048133461e-01 +3.368797955721791e-01 -2.925824529243382e-01 +8.949343616020251e-01
2.760000e+03 +2.905756715828666e-01 +9.182178449791636e-01 +2.691500849823134e-01 -9.159290672768989e-01 +1.855349658131334e-01 +3.558802048133461e-01 +2.768388029186586e-01 -3.499325158120346e-01 +8.949343616020251e-01
2.820000e+03 +4.556683459676821e-01 +8.484837006313617e-01 +2.691500849823134e-01 -8.656960494355828e-01 +3.520222007397197e-01 +3.558802048133461e-01 +2.072117479167183e-01 -3.951655095643775e-01 +8.949343616020251e-01
2.880000e+03 +6.049826499485089e-01 +7.493692180863136e-01 +2.691500849823134e-01 -7.854866835636434e-01 +5.063200072742530e-01 +3.558802048133461e-01 +1.304095978272637e-01 -4.267151570058264e-01 +8.949343616020251e-01
2.940000e+03 +7.333482959342232e-01 +6.243064220432016e-01 +2.691500849823134e-01 -6.780783692671680e-01 +6.430855347105771e-01 +3.558802048133461e-01 +4.909177102477371e-02 -4.434889924695166e-01 +8.949343616020251e-01
3.000000e+03 +8.363203828746814e-01 +4.776258461833485e-01 +2.691500849823134e-01 -5.471903207124122e-01 +7.575830203618994e-01 +3.558802048133461e-01 -3.392595034768502e-02 -4.449061904682628e-01 +8.949343616020251e-01
3.060000e+03 +9.103333092893395e-01 +3.144065803260692e-01 +2.691500849823134e-01 -3.973547818654730e-01 +8.458477742186552e-01 +3.558802048133461e-01 -1.157689221119463e-01 -4.309176778655220e-01 +8.949343616020251e-01
3.120000e+03 +9.528242389004811e-01 +1.403003974254255e-01 +2.691500849823134e-01 -2.337600890515049e-01 +9.048234637699463e-01 +3.558802048133461e-01 -1.936031779965179e-01 -4.020078331247096e-01 +8.949343616020251e-01
3.180000e+03 +9.623218436420955e-01 -3.866394965974912e-02 +2.691500849823134e-01 -6.207101508650276e-02 +9.324679452443080e-01 +3.558802048133461e-01 -2.647335610295931e-01 -3.591777137971765e-01 +8.949343616020251e-01
3.240000e+03 +9.384972511514438e-01 -2.162894850315130e-01 +2.691500849823134e-01 +1.117673840972775e-01 +9.278239766647887e-01 +3.558802048133461e-01 -3.266970483999438e-01 -3.039103930285051e-01 +8.949343616020251e-01
3.300000e+03 +8.821754325909259e-01 -3.864255916564353e-01 +2.691500849823134e-01 +2.817356281540266e-01 +8.910523641462754e-01 +3.558802048133461e-01 -3.773480382374720e-01 -2.381196053715593e-01 +8.949343616020251e-01
3.360000e+03 +7.953066364755806e-01 -5.431809880066789e-01 +2.691500849823134e-01 +4.419482481119063e-01 +8.234263936824151e-01 +3.558802048133461e-01 -4.149326450988345e-01 -1.640834801412391e-01 +8.949343616020251e-01
3.420000e+03 +6.808988576634810e-01 -6.811277247231828e-01 +2.691500849823134e-01 +5.868575817655857e-01 +7.272877412319416e-01 +3.558802048133461e-01 -4.381494315377066e-01 -8.436565691773079e-02 +8.949343616020251e-01
3.480000e+03 +5.429136798967683e-01 -7.954891375342360e-01 +2.691500849823134e-01 +7.114458718764611e-01 +6.059653878002874e-01 +3.558802048133461e-01 -4.461944728152639e-01 -1.726514721763862e-03 +8.949343616020251e-01
3.540000e+03 +3.861290985405612e-01 -8.823052482073690e-01 +2.691500849823134e-01 +8.113990154203353e-01 +4.636603472337496e-01 +3.558802048133461e-01 -4.387891943008214e-01 +8.097241128194096e-02 +8.949343616020251e-01
3.600000e+03 +2.159740735394393e-01 -9.385698862166814e-01 +2.691500849823134e-01 +8.832559474892906e-01 +3.053001982423305e-01 +3.558802048133461e-01 -4.161900176404720e-01 +1.608675158022879e-01 +8.949343616020251e-01
3.660000e+03 +3.834054150547467e-02 -9.623347830308746e-01 +2.691500849823134e-01 +9.245284871501722e-01 +1.363684577526071e-01 +3.558802048133461e-01 -3.791794816770560e-01 +2.351922811214155e-01 +8.949343616020251e-01
3.720000e+03 -1.406206036284937e-01 -9.527770345622166e-01 +2.691500849823134e-01 +9.337874953722682e-01 -3.728529614200371e-02 +3.558802048133461e-01 -3.290391455762433e-01 +3.013730729551523e-01 +8.949343616020251e-01
3.780000e+03 -3.147124968380784e-01 -9.102275957627057e-01 +2.691500849823134e-01 +9.107123616444585e-01 -2.096479767848563e-01 +3.558802048133461e-01 -2.675052124387773e-01 +3.571182573631042e-01 +8.949343616020251e-01
3.840000e+03 -4.779068800717844e-01 -8.361598206886447e-01 +2.691500849823134e-01 +8.561021057149893e-01 -3.747512033501321e-01 +3.558802048133461e-01 -1.967084100144535e-01 +4.004975528683807e-01 +8.949343616020251e-01
3.900000e+03 -6.245528419830153e-01 -7.331384448553712e-01 +2.691500849823134e-01 +7.718477100353240e-01 -5.268779672136965e-01 +3.558802048133461e-01 -1.191002102607927e-01 +4.300088700710843e-01 +8.949343616020251e-01
3.960000e+03 -7.495724913252984e-01 -6.047307764637079e-01 +2.691500849823134e-01 +6.608666409490481e-01 -6.607605940904259e-01 +3.558802048133461e-01 -3.736794253243621e-02 +4.446303243087096e-01 +8.949343616020251e-01
4.020000e+03 -8.486367884526823e-01 -4.553831716683552e-01 +2.691500849823134e-01 +5.270018259523750e-01 -7.717631471279731e-01 +3.558802048133461e-01 +4.565826023382614e-02 +4.438556203275970e-01 +8.949343616020251e-01
4.080000e+03 -9.183154464301196e-01 -2.902670711635464e-01 +2.691500849823134e-01 +3.748885851279296e-01 -8.560419549080465e-01 +3.558802048133461e-01 +1.271034601756733e-01 +4.277115837048919e-01 +8.949343616020251e-01
4.140000e+03 -9.561957111469741e-01 -1.150999293576917e-01 +2.691500849823134e-01 +2.097941245002625e-01 -9.106787057723371e-01 +3.558802048133461e-01 +2.041474646163907e-01 +3.967572319626640e-01 +8.949343616020251e-01
4.200000e+03 -9.609659074496102e-01 +6.405276320003994e-02 +2.691500849823134e-01 +3.743514915649093e-02 -9.337814998326118e-01 +3.558802048133461e-01 +2.741224805213505e-01 +3.520644175386055e-01 +8.949343616020251e-01
4.260000e+03 -9.324608583516765e-01 +2.409875087967593e-01 +2.691500849823134e-01 -1.362200883804907e-01 -9.245503595497770e-01 +3.558802048133461e-01 +3.346054918312996e-01 +2.951807128867159e-01 +8.949343616020251e-01
4.320000e+03 -8.716676045968000e-01 +4.095776102895397e-01 +2.691500849823134e-01 -3.051584500801394e-01 -8.833049304553313e-01 +3.558802048133461e-01 +3.835021609341511e-01 +2.280758228809275e-01 +8.949343616020251e-01
4.380000e+03 -7.806912265231174e-01 +5.639853194754665e-01 +2.691500849823134e-01 -4.635301285772365e-01 -8.114734128258184e-01 +3.558802048133461e-01 +4.191193490296064e-01 +1.530733800926036e-01 +8.949343616020251e-01
4.440000e+03 -6.626819517116389e-01 +6.988639800631210e-01 +2.691500849823134e-01 -6.058512077144647e-01 -7.115431075718008e-01 +3.558802048133461e-01 +4.402237442330633e-01 +7.277048465826068e-02 +8.949343616020251e-01
4.500000e+03 -5.217260724527067e-01 +8.095431656663443e-01 +2.691500849823134e-01 -7.271935534162548e-01 -5.869742887826104e-01 +3.558802048133461e-01 +4.460845673108558e-01 -1.005222517964342e-02 +8.949343616020251e-01
4.560000e+03 -3.627044502177178e-01 +8.921904020702511e-01 +2.691500849823134e-01 -8.233554595664907e-01 -4.420803852514421e-01 +3.558802048133461e-01 +4.364988762807022e-01 -9.252685788277913e-02 +8.949343616020251e-01
4.620000e+03 -1.911235066839057e-01 +9.439438738330053e-01 +2.691500849823134e-01 -8.910071399568085e-01 -2.818786199199915e-01 +3.558802048133461e-01 +4.117985936581562e-01 -1.717975747359097e-01 +8.949343616020251e-01
4.680000e+03 -1.292455356471572e-02 +9.630115200085438e-01 +2.691500849823134e-01 -9.278060283740897e-01 -1.119162791318075e-01 +3.558802048133461e-01 +3.728390130174827e-01 -2.451194786142568e-01 +8.949343616020251e-01
4.740000e+03 +1.657219364423349e-01 +9.487330876151712e-01 +2.691500849823134e-01 -9.324778943455776e-01 +6.192137255300834e-02 +3.558802048133461e-01 +3.209691828488218e-01 -3.099536611904034e-01 +8.949343616020251e-01
4.800000e+03 +3.386299938362942e-01 +9.016029941323647e-01 +2.691500849823134e-01 -9.048609657569083e-01 +2.336148806721992e-01 +3.558802048133461e-01 +2.579851932260967e-01 -3.640551173930526e-01 +8.949343616020251e-01
4.860000e+03 +4.998123530992972e-01 +8.232532073690068e-01 +2.691500849823134e-01 -8.459115305147322e-01 +3.972190357526109e-01 +3.558802048133461e-01 +1.860679828223185e-01 -4.055504829147774e-01 +8.949343616020251e-01
4.920000e+03 +6.436877729852768e-01 +7.163967355196896e-01 +2.691500849823134e-01 -7.576708232858602e-01 +5.470687373295402e-01 +3.558802048133461e-01 +1.077078198209472e-01 -4.330029029618556e-01 +8.949343616020251e-01
4.980000e+03 +7.652742974573954e-01 +5.847336841717803e-01 +2.691500849823134e-01 -6.431943439216363e-01 +6.779751586667659e-01 +3.558802048133461e-01 +2.561807171325816e-02 -4.454617860441792e-01 +8.949343616020251e-01
5.040000e+03 +8.603617652520226e-01 +4.328231332154476e-01 +2.691500849823134e-01 -5.064460550495687e-01 +7.854054196061675e-01 +3.558802048133461e-01 -5.735875013590176e-02 -4.424957199870106e-01 +8.949343616020251e-01
5.100000e+03 +9.256575946023601e-01 +2.659252701587157e-01 +2.691500849823134e-01 -3.521611224388560e-01 +8.656395460378504e-01 +3.558802048133461e-01 -1.383494177710105e-01 -4.242074103860023e-01 +8.949343616020251e-01
5.160000e+03 +9.589007950524254e-01 +8.981924627739712e-02 +2.691500849823134e-01 -1.856819510119189e-01 +9.158992809749433e-01 +3.558802048133461e-01 -2.145494775482652e-01 -3.912301242334774e-01 +8.949343616020251e-01
5.220000e+03 +9.589402584887052e-01 -8.939693732801285e-02 +2.691500849823134e-01 -1.277319406224875e-02 +9.344442869082452e-01 +3.558802048133461e-01 -2.833203595985705e-01 -3.447057618620734e-01 +8.949343616020251e-01
5.280000e+03 +9.257746184157627e-01 -2.655175844481163e-01 +2.691500849823134e-01 +1.605778586688623e-01 +9.206324082538773e-01 +3.558802048133461e-01 -3.422807432539434e-01 -2.862453165057968e-01 +8.949343616020251e-01
5.340000e+03 +8.605522972737071e-01 -4.324441876253611e-01 +2.691500849823134e-01 +3.283686021198154e-01 +8.749419071937800e-01 +3.558802048133461e-01 -3.893890147382478e-01 -2.178730906402907e-01 +8.949343616020251e-01
5.400000e+03 +7.655317401590525e-01 -5.843966004034129e-01 +2.691500849823134e-01 +4.847889673578955e-01 +7.989549029513969e-01 +3.558802048133461e-01 -4.230139618701942e-01 -1.419566007160554e-01 +8.949343616020251e-01
5.460000e+03 +6.440032119309136e-01 -7.161131857302169e-01 +2.691500849823134e-01 +6.244226061041531e-01 +6.953025879486632e-01 +3.558802048133461e-01 -4.419912578420125e-01 -6.112459746461594e-02 +8.949343616020251e-01
5.520000e+03 +5.001748656242830e-01 -8.230330100012657e-01 +2.691500849823134e-01 +7.424344419428330e-01 +5.675741178375250e-01 +3.558802048133461e-01 -4.456637782171267e-01 +2.182395952185215e-02 +8.949343616020251e-01
5.580000e+03 +3.390270272651053e-01 -9.014537739328616e-01 +2.691500849823134e-01 +8.347380939032203e-01 +4.201923302594054e-01 +3.558802048133461e-01 -4.339043550952260e-01 +1.040168210116605e-01 +8.949343616020251e-01
5.640000e+03 +1.661397427484543e-01 -9.486600116129543e-01 +2.691500849823134e-01 +8.981373750586634e-01 +2.582605958034334e-01 +3.558802048133461e-01 -4.071201805391266e-01 +1.826079051458745e-01 +8.949343616020251e-01
5.700000e+03 -1.250044170760684e-02 -9.630171185971348e-01 +2.691500849823134e-01 +9.304369664885712e-01 +8.738610423606308e-02 +3.558802048133461e-01 -3.662387067865165e-01 +2.548758483562452e-01 +8.949343616020251e-01
5.760000e+03 -1.907077749436525e-01 -9.440279531507818e-01 +2.691500849823134e-01 +9.305184343100801e-01 -8.651429495249985e-02 +3.558802048133461e-01 -3.126755314781740e-01 +3.183182376786118e-01 +8.949343616020251e-01
5.820000e+03 -3.623114940849052e-01 -8.923500507132708e-01 +2.691500849823134e-01 +8.983789575471988e-01 -2.574189745500887e-01 +3.558802048133461e-01 -2.482853799368223e-01 +3.707382614913161e-01 +8.949343616020251e-01
5.880000e+03 -5.213694987698367e-01 -8.097728555011601e-01 +2.691500849823134e-01 +8.351314258123899e-01 -4.194100397493788e-01 +3.558802048133461e-01 -1.752978818270603e-01 +4.103207782344464e-01 +8.949343616020251e-01
5.940000e+03 -6.623741075107005e-01 -6.991557576487633e-01 +2.691500849823134e-01 +7.429659034181757e-01 -5.668782463457429e-01 +3.558802048133461e-01 -9.624036604989065e-02 +4.356951690879287e-01 +8.949343616020251e-01
6.000000e+03 -7.804427714864732e-01 -5.643290814662361e-01 +2.691500849823134e-01 +6.250737942961234e-01 -6.947172313295951e-01 +3.558802048133461e-01 -1.385034724329363e-02 +4.459827982167204e-01 +8.949343616020251e-01
6.060000e+03 -8.714871419456970e-01 -4.099614532822981e-01 +2.691500849823134e-01 +4.855373336550165e-01 -7.985003302749397e-01 +3.558802048133461e-01 +6.901926579222402e-02 +4.408274371831659e-01 +8.949343616020251e-01
6.120000e+03 -9.323546369435977e-01 -2.413981415085574e-01 +2.691500849823134e-01 +3.291882329366069e-01 -8.746338588907273e-01 +3.558802048133461e-01 +1.494989574072214e-01 +4.204076000242259e-01 +8.949343616020251e-01
6.180000e+03 -9.609376053998698e-01 -6.447596670370559e-02 +2.691500849823134e-01 +1.614403727523006e-01 -9.204815510740065e-01 +3.558802048133461e-01 +2.248019674601672e-01 +3.854303618684102e-01 +8.949343616020251e-01
6.240000e+03 -9.562463084670827e-01 +1.146788092765636e-01 +2.691500849823134e-01 -1.189766287865868e-02 -9.344558445641167e-01 +3.558802048133461e-01 +2.923207881097455e-01 +3.371068751343897e-01 +8.949343616020251e-01
6.300000e+03 -9.184431910930488e-01 +2.898626165769411e-01 +2.691500849823134e-01 -1.848237196361588e-01 -9.160728532610630e-01 +3.558802048133461e-01 +3.497174536603396e-01 +2.771104311087981e-01 +8.949343616020251e-01
6.360000e+03 -8.488372570600839e-01 +4.550093875742857e-01 +2.691500849823134e-01 -3.513499087406416e-01 -8.659691226885364e-01 +3.558802048133461e-01 +3.950044970056109e-01 +2.075185190996699e-01 +8.949343616020251e-01
6.420000e+03 -7.498387422759630e-01 +6.044006058369029e-01 +2.691500849823134e-01 -5.057099488234168e-01 -7.858795884122630e-01 +3.558802048133461e-01 +4.266137694015736e-01 +1.307408894759277e-01 +8.949343616020251e-01
6.480000e+03 -6.248756558388171e-01 +7.328633204725294e-01 +2.691500849823134e-01 -6.425588342250995e-01 -6.785775006447619e-01 +3.558802048133461e-01 +4.434507405555762e-01 +4.943611154497051e-02 +8.949343616020251e-01
6.540000e+03 -4.782750787980136e-01 +8.359492692471041e-01 +2.691500849823134e-01 -7.571579158331261e-01 -5.477783952596591e-01 +3.558802048133461e-01 +4.449323987888389e-01 -3.358048439176081e-02 +8.949343616020251e-01
6.600000e+03 -3.151133308638345e-01 +9.100889080007034e-01 +2.691500849823134e-01 -8.455389856875442e-01 -3.980114363991187e-01 +3.558802048133461e-01 +4.310074389084003e-01 -1.154342931264244e-01 +8.949343616020251e-01
6.660000e+03 -1.410401933244684e-01 +9.527150128034143e-01 +2.691500849823134e-01 -9.046416836180581e-01 -2.344625856777494e-01 +3.558802048133461e-01 +4.021580387455680e-01 -1.932909731371176e-01 +8.949343616020251e-01
6.720000e+03 +3.791672521881945e-02 +9.623515748948998e-01 +2.691500849823134e-01 -9.324194679500597e-01 -6.279502854317537e-02 +3.558802048133461e-01 +3.593831628449056e-01 -2.644545909746469e-01 +8.949343616020251e-01
6.780000e+03 +2.155607060952612e-01 +9.386649102537741e-01 +2.691500849823134e-01 -9.279104808453396e-01 +1.110469241329142e-01 +3.558802048133461e-01 +3.041639714448159e-01 -3.264609730103935e-01 +8.949343616020251e-01
6.840000e+03 +3.857404935612663e-01 +8.824752140321699e-01 +2.691500849823134e-01 -8.912708544322649e-01 +2.810436689583863e-01 +3.558802048133461e-01 +2.384125325285794e-01 -3.771630320660879e-01 +8.949343616020251e-01
6.900000e+03 +5.425632935580140e-01 +7.957281597615442e-01 +2.691500849823134e-01 -8.237693044382396e-01 +4.413087500688714e-01 +3.558802048133461e-01 +1.644056128872102e-01 -4.148051143310030e-01 +8.949343616020251e-01
6.960000e+03 +6.805988227488736e-01 +6.814275267604478e-01 +2.691500849823134e-01 -7.277431985300615e-01 +5.862926886933233e-01 +3.558802048133461e-01 +8.470584080264314e-02 -4.380837921652581e-01 +8.949343616020251e-01
7.020000e+03 +7.950673422563042e-01 +5.435311886465306e-01 +2.691500849823134e-01 -6.065176205782290e-01 +7.109751442562069e-01 +3.558802048133461e-01 +2.072970241098197e-03 -4.461929977244772e-01 +8.949343616020251e-01
7.080000e+03 +8.820051650777605e-01 +3.868140645454424e-01 +2.691500849823134e-01 -4.642902333966881e-01 +8.110387530780878e-01 +3.558802048133461e-01 -8.063168079980182e-02 -4.388519345694794e-01 +8.949343616020251e-01
7.140000e+03 +9.384019061761162e-01 +2.167027785678924e-01 +2.691500849823134e-01 -3.059859268014661e-01 +8.830186251837833e-01 +3.558802048133461e-01 -1.605443087888180e-01 -4.163148007691972e-01 +8.949343616020251e-01
7.200000e+03 +9.623047227030535e-01 +3.908775278028742e-02 +2.691500849823134e-01 -1.370862840715160e-01 +9.244223226109777e-01 +3.558802048133461e-01 -2.348977892251500e-01 -3.793619868161711e-01 +8.949343616020251e-01
7.260000e+03 +9.528859348423231e-01 -1.398807596979845e-01 +2.691500849823134e-01 +3.656022814481918e-02 +9.338161647455078e-01 +3.558802048133461e-01 -3.011174935098765e-01 -3.292730531432920e-01 +8.949343616020251e-01
7.320000e+03 +9.104716857744615e-01 -3.140056387344397e-01 +2.691500849823134e-01 +2.089407739475816e-01 +9.108748721993578e-01 +3.558802048133461e-01 -3.569104402860690e-01 -2.677824229459061e-01 +8.949343616020251e-01
7.380000e+03 +8.365306483579675e-01 -4.772574840815090e-01 +2.691500849823134e-01 +3.740863538963080e-01 +8.563928302190398e-01 +3.558802048133461e-01 -4.003446942153281e-01 -1.970193245283597e-01 +8.949343616020251e-01
7.440000e+03 +7.336231695792750e-01 -6.239833946592422e-01 +2.691500849823134e-01 +5.262784928015974e-01 +7.722565816077513e-01 +3.558802048133461e-01 -4.299162628593353e-01 -1.194340627837748e-01 +8.949343616020251e-01
7.500000e+03 +6.053126137402526e-01 -7.491027108487575e-01 +2.691500849823134e-01 +6.602472526449861e-01 +6.613795016454310e-01 +3.558802048133461e-01 -4.446011752365165e-01 -3.771317279524609e-02 +8.949343616020251e-01
7.560000e+03 +4.560419742914761e-01 -8.482829418527441e-01 +2.691500849823134e-01 +7.713537140587441e-01 +5.276009170099992e-01 +3.558802048133461e-01 -4.438909387362102e-01 +4.531360647600075e-02 +8.949343616020251e-01
7.620000e+03 +2.909800268578169e-01 -9.180897863084185e-01 +2.691500849823134e-01 +8.557506076023316e-01 +3.755531618962236e-01 +3.558802048133461e-01 -4.278101466282263e-01 +1.267713172050810e-01 +8.949343616020251e-01
7.680000e+03 +1.158423506961131e-01 -9.561060514081123e-01 +2.691500849823134e-01 +9.105155326765835e-01 +2.105011747632022e-01 +3.558802048133461e-01 -3.969156264747914e-01 +2.038393335058266e-01 +8.949343616020251e-01
7.740000e+03 -6.330658394761007e-02 -9.610153527300682e-01 +2.691500849823134e-01 +9.337521511210463e-01 +3.816018997370779e-02 +3.558802048133461e-01 -3.522771589327116e-01 +2.738490308879563e-01 +8.949343616020251e-01
7.800000e+03 -2.402634094852786e-01 -9.326476965159580e-01 +2.691500849823134e-01 +9.246558514765375e-01 -1.355021629060215e-01 +3.558802048133461e-01 -2.954404345933518e-01 +3.343761923810772e-01 +8.949343616020251e-01
7.860000e+03 -4.089006642146358e-01 -8.719853660233313e-01 +2.691500849823134e-01 +8.835416101647615e-01 -3.044724994633692e-01 +3.558802048133461e-01 -2.283735315492806e-01 +3.833249515902735e-01 +8.949343616020251e-01
7.920000e+03 -5.633789671635820e-01 -7.811289081270190e-01 +2.691500849823134e-01 +8.118330848394411e-01 -4.628999051437444e-01 +3.558802048133461e-01 -1.533987670021254e-01 +4.190003659976962e-01 +8.949343616020251e-01
7.980000e+03 -6.983492175993664e-01 -6.632243979471549e-01 +2.691500849823134e-01 +7.120133175721141e-01 -6.052985341316816e-01 +3.558802048133461e-01 -7.311228267742993e-02 +4.401671075235760e-01 +8.949343616020251e-01
8.040000e+03 -8.091378176656909e-01 -5.223545001023887e-01 +2.691500849823134e-01 +5.875387548671804e-01 -7.267375670426938e-01 +3.558802048133461e-01 +9.705851447769530e-03 +4.460922380759943e-01 +8.949343616020251e-01
8.100000e+03 -8.919085044668468e-01 -3.633970987965176e-01 +2.691500849823134e-01 +4.427195617242773e-01 -8.230119497848585e-01 +3.558802048133461e-01 +9.218790227777358e-02 +4.365705889058485e-01 +8.949343616020251e-01
8.160000e+03 -9.437951878596451e-01 -1.918563919367571e-01 +2.691500849823134e-01 +2.825703740979015e-01 -8.907880014370326e-01 +3.558802048133461e-01 +1.714777742307997e-01 +4.119318649592753e-01 +8.949343616020251e-01
8.220000e+03 -9.630011941956946e-01 -1.367229796630293e-02 +2.691500849823134e-01 +1.126366577300265e-01 -9.277188491980852e-01 +3.558802048133461e-01 +2.448299069008416e-01 +3.730292282260211e-01 +8.949343616020251e-01
8.280000e+03 -9.488614795134529e-01 +1.649852249431889e-01 +2.691500849823134e-01 -6.119731399343226e-02 -9.325256932556872e-01 +3.558802048133461e-01 +3.097043452319170e-01 +3.212097554067208e-01 +8.949343616020251e-01
8.340000e+03 -9.018656579316923e-01 +3.379298252558500e-01 +2.691500849823134e-01 -2.329122140357823e-01 -9.050420876262941e-01 +3.558802048133461e-01 +3.638546902217776e-01 +2.582677928577043e-01 +8.949343616020251e-01
8.400000e+03 -8.236410478430962e-01 +4.991729720867708e-01 +2.691500849823134e-01 -3.965620921884387e-01 -8.462197036592443e-01 +3.558802048133461e-01 +4.054058846971204e-01 +1.863828239857979e-01 +8.949343616020251e-01
8.460000e+03 -7.168963229653075e-01 +6.431313193064344e-01 +2.691500849823134e-01 -5.464802647396422e-01 -7.580953766328491e-01 +3.558802048133461e-01 +4.329191406820816e-01 +1.080440005509966e-01 +8.949343616020251e-01
8.520000e+03 -5.853277194373955e-01 +7.648200393636603e-01 +2.691500849823134e-01 -6.774755340173638e-01 -6.437205765158499e-01 +3.558802048133461e-01 +4.454417601281957e-01 +2.596395112209754e-02 +8.949343616020251e-01
8.580000e+03 -4.334910467167621e-01 +8.600254322811735e-01 +2.691500849823134e-01 -7.850119433370473e-01 -5.070557451012692e-01 +3.558802048133461e-01 +4.425401238696874e-01 -5.701514877098410e-02 +8.949343616020251e-01
8.640000e+03 -2.666439341390766e-01 +9.254508329138016e-01 +2.691500849823134e-01 -8.653658430022059e-01 -3.528331582874437e-01 +3.558802048133461e-01 +4.243147064996891e-01 -1.380199922911840e-01 +8.949343616020251e-01
8.700000e+03 -9.056377564969764e-02 +9.588307641570981e-01 +2.691500849823134e-01 -9.157548286533068e-01 -1.863930621567317e-01 +3.558802048133461e-01 +3.913965972491633e-01 -2.142456349281170e-01 +8.949343616020251e-01
8.760000e+03 +8.865232328853706e-02 +9.590093833375970e-01 +2.691500849823134e-01 -9.344340872329568e-01 -1.349875694727481e-02 +3.558802048133461e-01 +3.449256473396194e-01 -2.830526209582243e-01 +8.949343616020251e-01
8.820000e+03 +2.647986693979897e-01 +9.259805054314414e-01 +2.691500849823134e-01 -9.207568144078084e-01 +1.598629680182227e-01 +3.558802048133461e-01 +2.865110004984777e-01 -3.420583795455639e-01 +8.949343616020251e-01
8.880000e+03 +4.317758653454483e-01 +8.608878172324212e-01 +2.691500849823134e-01 -8.751966113807133e-01 +3.276891381320526e-01 +3.558802048133461e-01 +2.181753733419657e-01 -3.892197257219496e-01 +8.949343616020251e-01
8.940000e+03 +5.838020128050977e-01 +7.659852750534633e-01 +2.691500849823134e-01 -7.993310855615410e-01 +4.841684577469076e-01 +3.558802048133461e-01 +1.422850150216980e-01 -4.229036094954155e-01 +8.949343616020251e-01
9.000000e+03 +7.156129215233483e-01 +6.445590572653769e-01 +2.691500849823134e-01 -6.957872229541747e-01 +6.238825371780558e-01 +3.558802048133461e-01 +6.146777141344468e-02 -4.419436632665302e-01 +8.949343616020251e-01
9.060000e+03 +8.226443917715026e-01 +5.008137742124389e-01 +2.691500849823134e-01 -5.681504238431325e-01 +7.419935146002824e-01 +3.558802048133461e-01 -2.147790897092371e-02 -4.456805894923094e-01 +8.949343616020251e-01
9.120000e+03 +9.011902583146844e-01 +3.397268756997682e-01 +2.691500849823134e-01 -4.208403515896617e-01 +8.344115760797549e-01 +3.558802048133461e-01 -1.036798765074603e-01 -4.339849900991664e-01 +8.949343616020251e-01
9.180000e+03 +9.485307233284725e-01 +1.668762974660513e-01 +2.691500849823134e-01 -2.589578935053801e-01 +8.979365730458175e-01 +3.558802048133461e-01 -1.822917340232978e-01 -4.072618471337021e-01 +8.949343616020251e-01
9.240000e+03 +9.630265344954844e-01 -1.175268529447704e-02 +2.691500849823134e-01 -8.810853307003358e-02 +9.303688334323422e-01 +3.558802048133461e-01 -2.545913986329160e-01 -3.664364995004065e-01 +8.949343616020251e-01
9.300000e+03 +9.441757471888375e-01 -1.899747093020905e-01 +2.691500849823134e-01 +8.579175043871379e-02 +9.305853294452218e-01 +3.558802048133461e-01 -3.180753589592594e-01 -3.129226013679964e-01 +8.949343616020251e-01
9.360000e+03 +8.926311052454983e-01 -3.616185029865222e-01 +2.691500849823134e-01 +2.567213338143326e-01 +8.985785645042956e-01 +3.558802048133461e-01 -3.705453639067555e-01 -2.485731717446311e-01 +8.949343616020251e-01
9.420000e+03 +8.101774384876814e-01 -5.207405783300862e-01 +2.691500849823134e-01 +4.187614599095134e-01 +8.354568328264864e-01 +3.558802048133461e-01 -4.101845412250346e-01 -1.756164302221851e-01 +8.949343616020251e-01
9.480000e+03 +6.996698596454809e-01 -6.618310352784058e-01 +2.691500849823134e-01 +5.663011856941624e-01 +7.434058426615953e-01 +3.558802048133461e-01 -4.356203101154247e-01 -9.657864069719028e-02 +8.949343616020251e-01
9.540000e+03 +5.649349007280864e-01 -7.800043523553959e-01 +2.691500849823134e-01 +6.942316716727730e-01 +6.256130320481166e-01 +3.558802048133461e-01 -4.459719094133331e-01 -1.419663474917847e-02 +8.949343616020251e-01
9.600000e+03 +4.106380121820291e-01 -8.711685569998524e-01 +2.691500849823134e-01 +7.981230850259372e-01 +4.861571977978843e-01 +3.558802048133461e-01 -4.408808955941186e-01 +6.867695628159126e-02 +8.949343616020251e-01
9.660000e+03 +2.421220129263874e-01 -9.321669177837667e-01 +2.691500849823134e-01 +8.743779908732521e-01 +3.298672595127707e-01 +3.558802048133461e-01 -4.205235545518576e-01 +1.491724790001379e-01 +8.949343616020251e-01
9.720000e+03 +6.522208523525658e-02 -9.608872521537468e-01 +2.691500849823134e-01 +9.203559201976599e-01 +1.621550491940643e-01 +3.558802048133461e-01 -3.856047973699025e-01 +2.245026250832988e-01 +8.949343616020251e-01
9.780000e+03 -1.139362793836732e-01 -9.563350647101773e-01 +2.691500849823134e-01 +9.344648010334250e-01 -1.117208358239552e-02 +3.558802048133461e-01 -3.373337514536113e-01 +2.920589470538592e-01 +8.949343616020251e-01
9.840000e+03 -2.891493868117610e-01 -9.186679834741145e-01 +2.691500849823134e-01 +9.162160869414928e-01 -1.841123620282718e-01 +3.558802048133461e-01 -2.773818922280278e-01 +3.495021806626884e-01 +8.949343616020251e-01
9.900000e+03 -4.543501548540345e-01 -8.491903017216627e-01 +2.691500849823134e-01 +8.662416738454809e-01 -3.506774049113948e-01 +3.558802048133461e-01 -2.078251651689335e-01 +3.948432462971619e-01 +8.949343616020251e-01
9.960000e+03 -6.038181973299218e-01 -7.503078143850410e-01 +2.691500849823134e-01 +7.862720194511512e-01 -5.050995854781701e-01 +3.558802048133461e-01 -1.310721023004218e-01 +4.265121245902905e-01 +8.949343616020251e-01
1.002000e+04 -7.323779031648069e-01 -6.254445128945766e-01 +2.691500849823134e-01 +6.790762229054566e-01 -6.420317463385040e-01 +3.558802048133461e-01 -4.978042225995402e-02 +4.434122212835325e-01 +8.949343616020251e-01
1.008000e+04 -8.355776516225971e-01 -4.789240230588553e-01 +2.691500849823134e-01 +5.483661395492740e-01 -7.567323548110235e-01 +3.558802048133461e-01 +3.323499819003591e-02 +4.449583388580149e-01 +8.949343616020251e-01
1.014000e+04 -9.098439580160752e-01 -3.158198914185990e-01 +2.691500849823134e-01 +3.986678509701871e-01 -8.452296873778296e-01 +3.558802048133461e-01 +1.150995945451372e-01 +4.310969400952885e-01 +8.949343616020251e-01
1.020000e+04 -9.526052123109183e-01 -1.417799041898517e-01 +2.691500849823134e-01 +2.351649409456264e-01 -9.044593580543300e-01 +3.558802048133461e-01 +1.929786517418705e-01 +4.023080019038468e-01 +8.949343616020251e-01
1.026000e+04 -9.623807259423557e-01 +3.716947791774639e-02 +2.691500849823134e-01 +6.351900414049971e-02 -9.323704284966410e-01 +3.558802048133461e-01 +2.641754614790396e-01 +3.595883952191897e-01 +8.949343616020251e-01
1.032000e+04 -9.388320034315355e-01 +2.148317971966503e-01 +2.691500849823134e-01 -1.103263972179402e-01 -9.279964255852066e-01 +3.558802048133461e-01 +3.262247007963046e-01 +3.044173664795379e-01 +8.949343616020251e-01
1.038000e+04 -8.827744634258233e-01 +3.850551629017108e-01 +2.691500849823134e-01 -2.803515403204646e-01 -8.914888073677389e-01 +3.558802048133461e-01 +3.769777985017053e-01 +2.387053159457983e-01 +8.949343616020251e-01
1.044000e+04 -7.961492033000396e-01 +5.419452719959142e-01 +2.691500849823134e-01 -4.406689859591431e-01 -8.241117185404848e-01 +3.558802048133461e-01 +4.146773334756224e-01 +1.647276465124273e-01 +8.949343616020251e-01
1.050000e+04 -6.819557850222243e-01 +6.800695104389954e-01 +2.691500849823134e-01 -5.857274421430114e-01 -7.281982170690998e-01 +3.558802048133461e-01 +4.380178886704591e-01 +8.504597361809094e-02 +8.949343616020251e-01
1.056000e+04 -5.441483696993176e-01 +7.946450676293085e-01 +2.691500849823134e-01 -7.105039879863881e-01 -6.070694876844405e-01 +3.558802048133461e-01 +4.461912536222702e-01 +2.419424510632639e-03 +8.949343616020251e-01
1.062000e+04 -3.874987973386866e-01 +8.817045501839518e-01 +2.691500849823134e-01 -8.106780017575539e-01 -4.649198396373187e-01 +3.558802048133461e-01 +4.389144102526719e-01 -8.029090170452047e-02 +8.949343616020251e-01
1.068000e+04 -2.174313529454348e-01 +9.382333603695463e-01 +2.691500849823134e-01 -8.827807705030574e-01 -3.066714708805484e-01 +3.558802048133461e-01 +4.164393329001789e-01 -1.602210049825857e-01 +8.949343616020251e-01
1.074000e+04 -3.983494048895692e-02 +9.622740821981306e-01 +2.691500849823134e-01 -9.243156007341206e-01 -1.378040277406019e-01 +3.558802048133461e-01 +3.795442632365335e-01 -2.346031557081291e-01 +8.949343616020251e-01
1.080000e+04 +1.391408314328375e-01 +9.529942606239514e-01 +2.691500849823134e-01 -9.338442711175041e-01 +3.583513810533023e-02 +3.558802048133461e-01 +3.295067621903927e-01 -3.008617325197402e-01 +8.949343616020251e-01
